Pixel-X	Pixel-Y	Longitude	Latitude	Sigma0_VH	Sigma0_VV	Sigma0_VV_db	image seen
1786.5	402.5	-3.988931665422803	52.741604332323526	0.01479	0.02995	-15.23658
1786.5	403.5	-3.988931665422803	52.74151450079511	0.01471	0.03575	-14.46681
1786.5	404.5	-3.988931665422803	52.7414246692667	0.01106	0.02852	-15.44907
1786.5	405.5	-3.988931665422803	52.74133483773829	0.00821	0.01951	-17.09672
1786.5	406.5	-3.988931665422803	52.74124500620988	0.00814	0.02330	-16.32677
1786.5	407.5	-3.988931665422803	52.74115517468147	0.01348	0.03389	-14.69970
1786.5	408.5	-3.988931665422803	52.74106534315305	0.01844	0.02716	-15.66106
1786.5	409.5	-3.988931665422803	52.74097551162464	0.01697	0.02115	-16.74699
1786.5	410.5	-3.988931665422803	52.740885680096234	0.01160	0.03426	-14.65228
1786.5	411.5	-3.988931665422803	52.74079584856782	0.00899	0.05044	-12.97257
1786.5	412.5	-3.988931665422803	52.74070601703941	0.01166	0.05563	-12.54679
1786.5	413.5	-3.988931665422803	52.740616185510994	0.01342	0.05294	-12.76233
1786.5	414.5	-3.988931665422803	52.74052635398258	0.01514	0.05790	-12.37296
1786.5	415.5	-3.988931665422803	52.74043652245417	0.01927	0.11316	-9.46292
1786.5	416.5	-3.988931665422803	52.74034669092576	0.01598	0.18144	-7.41272	land
1786.5	417.5	-3.988931665422803	52.74025685939735	0.01246	0.18756	-7.26853
1786.5	418.5	-3.988931665422803	52.740167027868935	0.01787	0.16184	-7.90916
1786.5	419.5	-3.988931665422803	52.74007719634052	0.01987	0.12305	-9.09918
1786.5	420.5	-3.988931665422803	52.73998736481211	0.02525	0.14670	-8.33585
1786.5	421.5	-3.988931665422803	52.7398975332837	0.01726	0.19421	-7.11736
1786.5	422.5	-3.988931665422803	52.73980770175529	0.01127	0.20953	-6.78754
1786.5	423.5	-3.988931665422803	52.739717870226876	0.00748	0.15378	-8.13109
1786.5	424.5	-3.988931665422803	52.73962803869846	0.00435	0.11173	-9.51820
1786.5	425.5	-3.988931665422803	52.73953820717005	0.00464	0.09402	-10.26781	sand water boundary
1786.5	426.5	-3.988931665422803	52.739448375641636	0.00737	0.04729	-13.25228
1786.5	427.5	-3.988931665422803	52.73935854411323	0.00763	0.02417	-16.16644
1786.5	428.5	-3.988931665422803	52.73926871258482	0.00590	0.01439	-18.41883	water body
1786.5	429.5	-3.988931665422803	52.739178881056404	0.00410	0.01342	-18.72094
1786.5	430.5	-3.988931665422803	52.73908904952799	0.00342	0.01103	-19.57472
1786.5	431.5	-3.988931665422803	52.73899921799958	0.00252	0.01294	-18.88029
1786.5	432.5	-3.988931665422803	52.73890938647117	0.00294	0.02243	-16.49235
1786.5	433.5	-3.988931665422803	52.73881955494276	0.00386	0.02126	-16.72410
1786.5	434.5	-3.988931665422803	52.738729723414345	0.00590	0.02387	-16.22190
1786.5	435.5	-3.988931665422803	52.73863989188593	0.01008	0.06435	-11.91452
1786.5	436.5	-3.988931665422803	52.73855006035752	0.01048	0.11587	-9.36032	sand relatively dry
1786.5	437.5	-3.988931665422803	52.738460228829105	0.00650	0.11022	-9.57730
1786.5	438.5	-3.988931665422803	52.7383703973007	0.00594	0.06636	-11.78112
1786.5	439.5	-3.988931665422803	52.738280565772286	0.00590	0.02762	-15.58699
1786.5	440.5	-3.988931665422803	52.73819073424387	0.00432	0.01120	-19.50603
1786.5	441.5	-3.988931665422803	52.73810090271546	0.00594	0.00862	-20.64683	sand dry?
1786.5	442.5	-3.988931665422803	52.738011071187046	0.00869	0.01404	-18.52776
1786.5	443.5	-3.988931665422803	52.73792123965864	0.00606	0.02303	-16.37653	sand
1786.5	444.5	-3.988931665422803	52.737831408130226	0.00556	0.02489	-16.03910
1786.5	445.5	-3.988931665422803	52.73774157660181	0.00694	0.02761	-15.58879
1786.5	446.5	-3.988931665422803	52.7376517450734	0.00859	0.05813	-12.35602
1786.5	447.5	-3.988931665422803	52.73756191354499	0.00673	0.10725	-9.69610	dry sand wet sand boundary
1786.5	448.5	-3.988931665422803	52.73747208201657	0.00457	0.09211	-10.35698
1786.5	449.5	-3.988931665422803	52.73738225048817	0.00361	0.04794	-13.19261
1786.5	450.5	-3.988931665422803	52.737292418959754	0.00377	0.07958	-10.99219
1786.5	451.5	-3.988931665422803	52.73720258743134	0.00624	0.16465	-7.83444
1786.5	452.5	-3.988931665422803	52.73711275590293	0.01111	0.15316	-8.14864
1786.5	453.5	-3.988931665422803	52.737022924374514	0.00794	0.10162	-9.93039
1786.5	454.5	-3.988931665422803	52.73693309284611	0.00897	0.05541	-12.56378
1786.5	455.5	-3.988931665422803	52.736843261317695	0.00873	0.03361	-14.73595
1786.5	456.5	-3.988931665422803	52.73675342978928	0.00569	0.08442	-10.73535
1786.5	457.5	-3.988931665422803	52.73666359826087	0.00694	0.09536	-10.20633
1786.5	458.5	-3.988931665422803	52.736573766732455	0.00856	0.06325	-11.98961
1786.5	459.5	-3.988931665422803	52.73648393520404	0.00645	0.06368	-11.95993
1786.5	460.5	-3.988931665422803	52.736394103675636	0.00534	0.03876	-14.11664
1786.5	461.5	-3.988931665422803	52.73630427214722	0.00404	0.03080	-15.11474	sand dry
1786.5	462.5	-3.988931665422803	52.73621444061881	0.00817	0.03700	-14.31835
1786.5	463.5	-3.988931665422803	52.736124609090396	0.02102	0.08877	-10.51740
1786.5	464.5	-3.988931665422803	52.73603477756198	0.02624	0.17343	-7.60866
1786.5	465.5	-3.988931665422803	52.73594494603358	0.03033	0.13701	-8.63262
1786.5	466.5	-3.988931665422803	52.73585511450516	0.04365	0.07387	-11.31515
1786.5	467.5	-3.988931665422803	52.73576528297675	0.05412	0.11631	-9.34374
1786.5	468.5	-3.988931665422803	52.73567545144834	0.04939	0.26858	-5.70927
1786.5	469.5	-3.988931665422803	52.735585619919924	0.05184	0.35035	-4.55501
1786.5	470.5	-3.988931665422803	52.73549578839151	0.06065	0.36265	-4.40511
1786.5	471.5	-3.988931665422803	52.735405956863104	0.08721	0.44907	-3.47688
1786.5	472.5	-3.988931665422803	52.73531612533469	0.10829	0.47695	-3.21531
1786.5	473.5	-3.988931665422803	52.73522629380628	0.08167	0.35729	-4.46975
1786.5	474.5	-3.988931665422803	52.735136462277865	0.04293	0.26478	-5.77108
1786.5	475.5	-3.988931665422803	52.73504663074945	0.03013	0.25346	-5.96089
1786.5	476.5	-3.988931665422803	52.734956799221045	0.04053	0.27515	-5.60438
1786.5	477.5	-3.988931665422803	52.73486696769263	0.06637	0.22902	-6.40130
1786.5	478.5	-3.988931665422803	52.73477713616422	0.06922	0.20902	-6.79822
1786.5	479.5	-3.988931665422803	52.734687304635806	0.04740	0.27054	-5.67775
1786.5	480.5	-3.988931665422803	52.73459747310739	0.03649	0.35921	-4.44653
1786.5	481.5	-3.988931665422803	52.73450764157898	0.07188	0.31580	-5.00588
1786.5	482.5	-3.988931665422803	52.73441781005057	0.09439	0.19441	-7.11281
1786.5	483.5	-3.988931665422803	52.73432797852216	0.05947	0.24656	-6.08083
1786.5	484.5	-3.988931665422803	52.73423814699375	0.03380	0.23912	-6.21388
1786.5	485.5	-3.988931665422803	52.73414831546533	0.03447	0.22284	-6.52017
1786.5	486.5	-3.988931665422803	52.73405848393692	0.04689	0.18674	-7.28771

