Pixel-X	Pixel-Y	Longitude	Latitude	Sigma0_VH	Sigma0_VV	Sigma0_VV_db    Photo visualisation (1)
1774.5	400.5	-3.9900096437637464	52.74178399538035	0.02792	0.04826	-13.16395
1774.5	401.5	-3.9900096437637464	52.74169416385194	0.02291	0.07029	-11.53105
1774.5	402.5	-3.9900096437637464	52.741604332323526	0.01878	0.06902	-11.61016
1774.5	403.5	-3.9900096437637464	52.74151450079511	0.02049	0.05093	-12.93028
1774.5	404.5	-3.9900096437637464	52.7414246692667	0.02239	0.04227	-13.74005
1774.5	405.5	-3.9900096437637464	52.74133483773829	0.02486	0.03556	-14.49017
1774.5	406.5	-3.9900096437637464	52.74124500620988	0.03405	0.04032	-13.94467
1774.5	407.5	-3.9900096437637464	52.74115517468147	0.01878	0.04143	-13.82731
1774.5	408.5	-3.9900096437637464	52.74106534315305	0.00679	0.02847	-15.45639
1774.5	409.5	-3.9900096437637464	52.74097551162464	0.01308	0.03354	-14.74460	grass / land
1774.5	410.5	-3.9900096437637464	52.740885680096234	0.01973	0.04829	-13.16153	grass / land
1774.5	411.5	-3.9900096437637464	52.74079584856782	0.02296	0.07026	-11.53289	grass / land
1774.5	412.5	-3.9900096437637464	52.74070601703941	0.01261	0.06722	-11.72495	grass / land
1774.5	413.5	-3.9900096437637464	52.740616185510994	0.00961	0.03635	-14.39521	grass / land
1774.5	414.5	-3.9900096437637464	52.74052635398258	0.01487	0.04586	-13.38587	grass / land
1774.5	415.5	-3.9900096437637464	52.74043652245417	0.02096	0.05728	-12.41993
1774.5	416.5	-3.9900096437637464	52.74034669092576	0.02220	0.07380	-11.31944
1774.5	417.5	-3.9900096437637464	52.74025685939735	0.01692	0.08200	-10.86170
1774.5	418.5	-3.9900096437637464	52.740167027868935	0.01295	0.05436	-12.64748	grass / land
1774.5	419.5	-3.9900096437637464	52.74007719634052	0.01620	0.04547	-13.42238
1774.5	420.5	-3.9900096437637464	52.73998736481211	0.00571	0.09846	-10.06735
1774.5	421.5	-3.9900096437637464	52.7398975332837	0.00532	0.09391	-10.27303
1774.5	422.5	-3.9900096437637464	52.73980770175529	0.00570	0.05517	-12.58260
1774.5	423.5	-3.9900096437637464	52.739717870226876	0.00514	0.03691	-14.32854	possible water body / wet sand
1774.5	424.5	-3.9900096437637464	52.73962803869846	0.00548	0.04645	-13.33019
1774.5	425.5	-3.9900096437637464	52.73953820717005	0.00600	0.04740	-13.24230
1774.5	426.5	-3.9900096437637464	52.739448375641636	0.00608	0.02707	-15.67441	water
1774.5	427.5	-3.9900096437637464	52.73935854411323	0.00603	0.01769	-17.52232	water body
1774.5	428.5	-3.9900096437637464	52.73926871258482	0.00447	0.02984	-15.25260
1774.5	429.5	-3.9900096437637464	52.739178881056404	0.00346	0.03369	-14.72527
1774.5	430.5	-3.9900096437637464	52.73908904952799	0.00584	0.02152	-16.67246
1774.5	431.5	-3.9900096437637464	52.73899921799958	0.00781	0.01798	-17.45213	water
1774.5	432.5	-3.9900096437637464	52.73890938647117	0.00651	0.01986	-17.02084
1774.5	433.5	-3.9900096437637464	52.73881955494276	0.00777	0.02059	-16.86411
1774.5	434.5	-3.9900096437637464	52.738729723414345	0.00778	0.03954	-14.02915
1774.5	435.5	-3.9900096437637464	52.73863989188593	0.00419	0.07911	-11.01770	wet sand
1774.5	436.5	-3.9900096437637464	52.73855006035752	0.00809	0.09386	-10.27519
1774.5	437.5	-3.9900096437637464	52.738460228829105	0.00624	0.06107	-12.14177
1774.5	438.5	-3.9900096437637464	52.7383703973007	0.00960	0.03540	-14.51051	sand wet
1774.5	439.5	-3.9900096437637464	52.738280565772286	0.00580	0.03557	-14.48975
1774.5	440.5	-3.9900096437637464	52.73819073424387	0.00458	0.03329	-14.77668
1774.5	441.5	-3.9900096437637464	52.73810090271546	0.00470	0.03497	-14.56334
1774.5	442.5	-3.9900096437637464	52.738011071187046	0.00507	0.05185	-12.85230	wet sand
1774.5	443.5	-3.9900096437637464	52.73792123965864	0.00643	0.06020	-12.20384
1774.5	444.5	-3.9900096437637464	52.737831408130226	0.00215	0.04528	-13.44104
1774.5	445.5	-3.9900096437637464	52.73774157660181	0.00513	0.03434	-14.64248
1774.5	446.5	-3.9900096437637464	52.7376517450734	0.00698	0.04151	-13.81802
1774.5	447.5	-3.9900096437637464	52.73756191354499	0.00611	0.04580	-13.39132
1774.5	448.5	-3.9900096437637464	52.73747208201657	0.00709	0.05257	-12.79303	relatively wet
1774.5	449.5	-3.9900096437637464	52.73738225048817	0.00493	0.05748	-12.40500
1774.5	450.5	-3.9900096437637464	52.737292418959754	0.00255	0.04359	-13.60587
1774.5	451.5	-3.9900096437637464	52.73720258743134	0.00386	0.03400	-14.68558
1774.5	452.5	-3.9900096437637464	52.73711275590293	0.00654	0.05336	-12.72784
1774.5	453.5	-3.9900096437637464	52.737022924374514	0.00718	0.06705	-11.73611
1774.5	454.5	-3.9900096437637464	52.73693309284611	0.00754	0.06087	-12.15594
1774.5	455.5	-3.9900096437637464	52.736843261317695	0.00732	0.05729	-12.41904
1774.5	456.5	-3.9900096437637464	52.73675342978928	0.00519	0.04720	-13.26083
1774.5	457.5	-3.9900096437637464	52.73666359826087	0.00389	0.02381	-16.23167	wet sand
1774.5	458.5	-3.9900096437637464	52.736573766732455	0.00385	0.02083	-16.81252
1774.5	459.5	-3.9900096437637464	52.73648393520404	0.00505	0.05880	-12.30633
1774.5	460.5	-3.9900096437637464	52.736394103675636	0.00426	0.11763	-9.29476	sand / wet but not completely dry
1774.5	461.5	-3.9900096437637464	52.73630427214722	0.00342	0.14223	-8.46995
1774.5	462.5	-3.9900096437637464	52.73621444061881	0.00854	0.08521	-10.69517
1774.5	463.5	-3.9900096437637464	52.736124609090396	0.01678	0.04711	-13.26854
1774.5	464.5	-3.9900096437637464	52.73603477756198	0.02090	0.05647	-12.48180
1774.5	465.5	-3.9900096437637464	52.73594494603358	0.01057	0.04190	-13.77789	wet sand
1774.5	466.5	-3.9900096437637464	52.73585511450516	0.01116	0.05921	-12.27637
1774.5	467.5	-3.9900096437637464	52.73576528297675	0.01101	0.07769	-11.09636
1774.5	468.5	-3.9900096437637464	52.73567545144834	0.00644	0.05531	-12.57205
1774.5	469.5	-3.9900096437637464	52.735585619919924	0.00858	0.06712	-11.73118
1774.5	470.5	-3.9900096437637464	52.73549578839151	0.01468	0.10709	-9.70248	grass / sand
1774.5	471.5	-3.9900096437637464	52.735405956863104	0.02794	0.14469	-8.39565
1774.5	472.5	-3.9900096437637464	52.73531612533469	0.02258	0.18007	-7.44562
1774.5	473.5	-3.9900096437637464	52.73522629380628	0.02231	0.14948	-8.25429
1774.5	474.5	-3.9900096437637464	52.735136462277865	0.01685	0.12254	-9.11707
1774.5	475.5	-3.9900096437637464	52.73504663074945	0.01673	0.12413	-9.06108
1774.5	476.5	-3.9900096437637464	52.734956799221045	0.02715	0.22710	-6.43784
1774.5	477.5	-3.9900096437637464	52.73486696769263	0.04793	0.40050	-3.97401
1774.5	478.5	-3.9900096437637464	52.73477713616422	0.07570	0.34767	-4.58834
1774.5	479.5	-3.9900096437637464	52.734687304635806	0.08811	0.16272	-7.88558
1774.5	480.5	-3.9900096437637464	52.73459747310739	0.07397	0.12881	-8.90059
1774.5	481.5	-3.9900096437637464	52.73450764157898	0.04907	0.16609	-7.79659
1774.5	482.5	-3.9900096437637464	52.73441781005057	0.04002	0.29600	-5.28709
1774.5	483.5	-3.9900096437637464	52.73432797852216	0.04915	0.46331	-3.34126
1774.5	484.5	-3.9900096437637464	52.73423814699375	0.08848	0.53214	-2.73970
1774.5	485.5	-3.9900096437637464	52.73414831546533	0.11864	0.44084	-3.55719

